name: calc_world
channels:
  - anaconda
  - conda-forge
  - defaults
dependencies:
  - asgiref=3.8.1=pyhd8ed1ab_0
  - astroid=3.1.0=py312h2e8e312_0
  - bzip2=1.0.8=hcfcfb64_5
  - ca-certificates=2024.2.2=h56e8100_0
  - colorama=0.4.6=pyhd8ed1ab_0
  - dill=0.3.8=pyhd8ed1ab_0
  - django=5.0.4=pyhd8ed1ab_0
  - exceptiongroup=1.2.0=pyhd8ed1ab_2
  - flake8=7.0.0=pyhd8ed1ab_0
  - git=2.45.0=h57928b3_1
  - iniconfig=2.0.0=pyhd8ed1ab_0
  - isort=5.13.2=pyhd8ed1ab_0
  - libexpat=2.6.2=h63175ca_0
  - libffi=3.4.2=h8ffe710_5
  - libsqlite=3.45.3=hcfcfb64_0
  - libzlib=1.2.13=hcfcfb64_5
  - mccabe=0.7.0=pyhd8ed1ab_0
  - mypy=1.5.1=py312haa95532_0
  - mypy_extensions=1.0.0=pyha770c72_0
  - openssl=3.3.0=hcfcfb64_0
  - packaging=24.0=pyhd8ed1ab_0
  - pip=24.0=pyhd8ed1ab_0
  - platformdirs=4.2.1=pyhd8ed1ab_0
  - pluggy=1.5.0=pyhd8ed1ab_0
  - psutil=5.9.8=py312he70551f_0
  - pycodestyle=2.11.1=pyhd8ed1ab_0
  - pyflakes=3.2.0=pyhd8ed1ab_0
  - pylint=3.1.0=pyhd8ed1ab_0
  - pytest=8.2.0=pyhd8ed1ab_0
  - python=3.12.3=h2628c8c_0_cpython
  - python-dotenv=1.0.1=pyhd8ed1ab_0
  - python_abi=3.12=4_cp312
  - setuptools=69.5.1=pyhd8ed1ab_0
  - sqlparse=0.4.4=pyhd8ed1ab_0
  - tk=8.6.13=h5226925_1
  - tomli=2.0.1=pyhd8ed1ab_0
  - tomlkit=0.12.4=pyha770c72_0
  - typing-extensions=4.11.0=hd8ed1ab_0
  - typing_extensions=4.11.0=pyha770c72_0
  - tzdata=2024a=h0c530f3_0
  - ucrt=10.0.22621.0=h57928b3_0
  - vc=14.3=hcf57466_18
  - vc14_runtime=14.38.33130=h82b7239_18
  - vs2015_runtime=14.38.33130=hcb4865c_18
  - wheel=0.43.0=pyhd8ed1ab_1
  - xz=5.2.6=h8d14728_0
  - pip:
      - coverage==7.5.1
      - django-stubs==5.0.0
      - django-stubs-ext==5.0.0
      - pytest-cov==5.0.0
      - pytest-django==4.8.0
      - simpleeval==0.9.13
      - types-pyyaml==6.0.12.20240311
prefix: C:\Users\ammos\anaconda3\envs\calc_world
