# This file may be used to create an environment using:
# $ conda create --name <env> --file <this file>
# platform: win-64
asgiref=3.8.1=pyhd8ed1ab_0
astroid=3.1.0=py312h2e8e312_0
bzip2=1.0.8=hcfcfb64_5
ca-certificates=2024.2.2=h56e8100_0
colorama=0.4.6=pyhd8ed1ab_0
dill=0.3.8=pyhd8ed1ab_0
django=5.0.4=pyhd8ed1ab_0
isort=5.13.2=pyhd8ed1ab_0
libexpat=2.6.2=h63175ca_0
libffi=3.4.2=h8ffe710_5
libsqlite=3.45.3=hcfcfb64_0
libzlib=1.2.13=hcfcfb64_5
mccabe=0.7.0=pyhd8ed1ab_0
openssl=3.2.1=hcfcfb64_1
pip=24.0=pyhd8ed1ab_0
platformdirs=4.2.1=pyhd8ed1ab_0
pylint=3.1.0=pyhd8ed1ab_0
python=3.12.3=h2628c8c_0_cpython
python-dotenv=1.0.1=pyhd8ed1ab_0
python_abi=3.12=4_cp312
setuptools=69.5.1=pyhd8ed1ab_0
sqlparse=0.4.4=pyhd8ed1ab_0
tk=8.6.13=h5226925_1
tomli=2.0.1=pyhd8ed1ab_0
tomlkit=0.12.4=pyha770c72_0
typing_extensions=4.11.0=pyha770c72_0
tzdata=2024a=h0c530f3_0
ucrt=10.0.22621.0=h57928b3_0
vc=14.3=hcf57466_18
vc14_runtime=14.38.33130=h82b7239_18
vs2015_runtime=14.38.33130=hcb4865c_18
wheel=0.43.0=pyhd8ed1ab_1
xz=5.2.6=h8d14728_0
